35547
35545
35540
35539
35537
35534
35533
35532
35530
35529
35528
35524
35523
35522
35521
35518
35516
35515
35513
35512
35511
35509
35507
35506
35499
35498
35496
35495
35490
35486
35484
35482
35481
35478
35475
35473
35471
35470
35467
35466
35465
35464
35462
35457
35456
35452
35447
35446
35443
35437
35433
35431
35429
35428
35427
35426
35425
35421
35413
35410
35409
35406
35405
35403
35402
35400
35397
35389
35381
35377
35376
35371
35369
35366
35365
35361
35356
35355
35353
35348
35346
35343
35341
35338
35333
35328
35326
35325
35322
35321
35318
35314
35311
35310
35308
35302
35300
35299
35298
35297
35293
35288
35284
35283
35282
35276
35271
35270
35268
35261
35258
35253
35252
35249
35246
35245
35240
35237
35232
35230
35227
35220
35218
35216
35212
35211
35206
35203
35201
35200
35199
35198
35197
35196
35192
35187
35186
35180
35179
35177
35175
35166
35164
35160
35159
35152
35150
35148
35147
35143
35140
35136
35130
35127
35126
35121
35112
35111
35108
35103
35102
35100
35098
35097
35095
35087
35084
35080
35078
35076
35074
35071
35069
35065
35064
35060
35059
35058
35052
35051
35041
35036
35034
35033
35031
35030
35027
35025
35022
35020
35019
35014
35013
35012
35011
35010
35009
35007
35003
35001
34999
34997
34994
34988
34985
34982
34975
34973
34972
34971
34967
34965
34964
34960
34954
34953
34947
34946
34944
34943
34941
34938
34933
34931
34930
34928
34926
34922
34921
34920
34916
34914
34911
34910
34906
34902
34897
34896
34895
34894
34893
34892
34891
34890
34888
34885
34883
34875
34873
34871
34869
34866
34864
34863
34861
34860
34859
34858
34857
34853
34852
34845
34842
34841
34839
34836
34835
34830
34829
34828
34825
34824
34823
34819
34818
34815
34810
34809
34808
34805
34795
34792
34790
34788
34786
34785
34782
34780
34779
34777
34776
34775
34774
34769
34764
34763
34758
34756
34747
34740
34739
34738
34736
34735
34734
34730
34728
34727
34724
34723
34718
34717
34716
34715
34711
34710
34709
34707
34704
34700
34698
34696
34695
34694
34692
34689
34684
34680
34679
34677
34674
34666
34663
34661
34659
34654
34651
34647
34642
34641
34638
34633
34631
34630
34626
34622
34620
34618
34614
34612
34609
34604
34601
34598
34597
34595
34590
34589
34584
34582
34578
34576
34573
34572
34570
34567
34566
34563
34559
34555
34553
34552
34551
34550
34545
34537
34536
34534
34533
34532
34530
34529
34528
34527
34526
34524
34518
34515
34512
34511
34508
34507
34500
34498
34496
34491
34489
34484
34481
34479
34473
34472
34468
34465
34464
34461
34460
34454
34452
34450
34446
34444
34441
34439
34435
34434
34432
34431
34430
34427
34417
34413
34412
34411
34408
34405
34404
34400
34399
34397
34396
34394
34389
34385
34382
34381
34369
34366
34365
34361
34358
34353
34349
34347
34346
34345
34340
34339
34335
34331
34330
34327
34325
34320
34319
34317
34310
34309
34308
34307
34306
34303
34302
34299
34296
34288
34287
34285
34277
34273
34268
34265
34262
34261
34259
34258
34257
34252
34248
34243
34242
34241
34238
34237
34236
34234
34232
34231
34228
34226
34224
34223
34221
34217
34211
34203
34201
34200
34198
34197
34196
34195
34194
34192
34190
34187
34184
34183
34180
34176
34173
34170
34169
34166
34161
34160
34153
34152
34145
34144
34143
34140
34139
34135
34134
34133
34122
34116
34115
34110
34107
34106
34102
34101
34099
34097
34095
34091
34089
34085
34081
34080
34079
34078
34074
34073
34071
34063
34061
34060
34054
34050
34048
34046
34044
34036
34035
34033
34031
34030
34024
34023
34017
34016
34015
34013
34012
34010
34009
34007
34005
34003
34001
33998
33997
33996
33994
33991
33988
33984
33980
33976
33975
33974
33973
33970
33966
33964
33963
33961
33960
33953
33946
33943
33942
33941
33939
33933
33932
33931
33928
33926
33925
33923
33919
33914
33711
33908
33905
33903
33901
33900
33898
33897
33896
33886
33883
33882
33881
33879
33878
33875
33869
33864
33856
33854
33851
33846
33838
33837
33836
33834
33832
33831
33826
33825
33823
33822
33818
33812
33811
33810
33809
33806
33805
33801
33798
33796
33795
33793
33792
33791
33789
33788
33779
33778
33776
33772
33770
33766
33762
33761
33759
33755
33750
33745
33744
33741
33739
33736
33729
33724
33713
33528
33709
33707
33705
33703
33698
33697
33696
33695
33694
31939
33683
33683
33683
33674
33671
33669
33666
33664
33662
33661
33656
33653
33652
33651
33650
33646
33645
33642
33640
33637
33636
33634
33631
33628
33627
33626
33625
33621
33619
33618
33617
33614
33610
33609
33606
33605
33604
33601
33597
33592
33590
33584
33583
33567
33562
33561
33557
33551
33547
33543
33540
33539
33536
33534
33533
33532
33529
33528
33527
33526
33525
33524
33522
33517
33512
33510
33509
33507
33503
33501
33499
33498
33495
33492
33490
33488
33486
33481
33478
33476
33475
33473
33471
33464
33463
33462
33459
33457
33455
33448
33446
33444
33442
33441
33437
33435
33434
33429
33427
33422
33421
33418
33417
33416
33415
33413
33412
33409
33408
33407
33406
33402
33401
33396
33387
33386
33384
33383
33381
33376
33375
33372
33371
33369
33368
33367
33363
33362
33359
33356
33354
33351
33350
33349
33344
33343
33336
33333
33327
33324
33322
33320
33319
33311
33309
33307
33302
33300
33298
33295
33292
33286
33284
33283
33279
33278
33275
33273
33272
33269
33264
33262
33261
33260
33258
33256
33255
33253
33251
33250
33249
33248
33245
33244
33243
33239
33237
33234
33233
33231
33229
33228
33226
33224
33215
33214
33209
33205
33197
33193
33192
33180
33177
33171
33167
33166
33164
33163
33160
33159
33158
33157
33156
33155
33154
33150
33149
33143
33141
33135
33132
33129
33122
33120
33113
33112
33109
33106
33100
33098
33091
33089
33087
33084
33081
33078
33077
33074
33070
33069
33068
33065
33063
33062
33061
33058
33054
33053
33046
33042
33038
33034
33030
33026
33025
33022
33021
33020
33019
33015
33012
33009
33008
33005
33002
32998
32997
32996
32994
32992
32990
32989
32986
32985
32982
32981
32980
32975
32972
32971
32967
32964
32963
32959
32957
32956
32954
32952
32946
32942
32941
32936
32933
32926
32931
32928
32926
32923
32918
32917
32916
32913
32912
32911
32910
32906
32903
32902
32901
32896
32892
32890
32889
32888
32881
32878
32877
32875
32871
32870
32869
32867
32864
32860
32859
32857
32856
32854
32851
32850
32840
32836
32832
32831
32829
32828
32826
32825
32824
32815
32814
32809
32804
32800
32798
32792
32790
32789
32786
32783
32780
32773
32772
32770
32767
32766
32759
32755
32753
32750
32749
32747
32741
32738
32735
32734
32728
32724
32722
32719
32716
32715
32713
32711
32710
32709
32708
32699
32696
32693
32689
32688
32682
32680
32679
32678
32676
32675
32672
32668
32667
32665
32659
32655
32654
32649
32645
32644
32642
32639
32638
32635
32633
32630
32627
32625
32622
32619
32618
32616
32611
32610
32604
32602
32601
32600
32599
32597
32596
32595
32589
32586
32582
32580
32579
32577
32574
32570
32569
32567
32566
32563
32557
32551
32550
32549
32547
32544
32542
32538
32530
32519
32518
32515
32514
32513
32507
32506
32504
32502
32500
32497
32495
32494
32492
32490
32487
32486
32482
32481
32474
32472
32470
32469
32467
32465
32460
32451
32450
32449
32448
32445
32443
32440
32437
32435
32433
32427
32423
32422
32419
32418
32417
32416
32407
32401
32400
32399
32398
32397
32396
32395
32394
32392
32390
32387
32385
32383
32381
32380
32376
32374
32372
32371
32366
32365
32360
32354
32353
32344
32343
32334
32328
32327
32320
32319
32315
32314
32313
32311
32309
32307
32302
32301
32297
32296
32293
32292
32291
32290
32287
32283
32274
32273
32267
32266
32265
32263
32258
32256
32254
32242
32241
32240
32238
32236
32235
32233
32232
32231
32229
32219
32216
32215
32211
32208
32206
32203
32200
32197
32189
32184
32183
32173
32169
32165
32164
32157
32155
32153
32152
32150
32148
32145
32144
32143
32139
32133
32130
32126
32123
32118
32113
32108
32106
32104
32101
32100
32097
32096
32092
32087
32086
32083
32082
32080
32078
32074
32073
32071
32070
32058
32056
32049
32048
32047
32046
32044
32042
32036
32035
31987
32034
32034
32034
32023
32020
32011
32004
32003
31999
31994
31993
31989
31988
31987
31984
31978
31977
31970
31968
31967
31966
31965
31964
31963
31962
31959
31956
31955
31953
31951
31950
31947
31943
31942
31933
31932
31931
31930
31929
31928
31927
31922
31921
31920
31916
31914
31911
31909
31905
31903
31892
31886
31885
31883
31881
31875
31871
31870
31867
31865
31862
31861
31860
31857
31856
31854
31853
31850
31849
31847
31846
31845
31844
31840
31839
31838
31837
31836
31834
31833
31828
31827
31826
31824
31823
31815
31812
31809
31806
31805
31803
31802
31798
31797
31796
31790
31789
31788
31787
31786
31782
31781
31776
31773
31770
31768
31767
31766
31765
31764
31760
31756
31753
31750
31748
31739
31734
31733
31732
31730
31722
31721
31719
31718
31717
31716
31712
31711
31710
31703
31702
31700
31699
31696
31694
31686
31685
31683
31682
31681
31679
31675
31674
31673
31670
31667
31665
31664
31661
31659
31658
31652
31645
31643
31637
31636
31629
31628
31625
31624
31623
31620
31615
31611
31610
31608
31607
31604
31602
31601
31599
31597
31596
31593
31588
31583
31580
31577
31575
31571
31567
31565
31563
31562
31560
31559
31551
31550
31548
31547
31546
31545
31539
31537
31535
31534
31530
31529
31526
31522
31521
31520
31519
31518
31517
31515
31511
31510
31505
31503
31501
31500
31499
31496
31494
31491
31490
31488
31487
31486
31485
31480
31467
31464
31457
31455
31453
31452
31448
31447
31444
31443
31439
31434
31430
31428
31427
31422
31421
31420
31412
31410
31404
31402
31399
31395
31390
31387
31383
31381
31379
31373
31368
31365
31364
31357
31355
31352
31351
31350
31343
31342
31335
31334
31331
31327
31326
31322
31321
31318
31316
31314
31311
31310
31309
31307
31306
31303
31298
31295
31291
31288
31286
31285
31284
31278
31271
31263
31262
31261
31260
31259
31256
31255
31254
31250
31247
31245
31244
31242
31239
31237
31234
31229
31221
31220
31219
31218
31217
31216
31212
31211
31210
31206
31197
31192
31186
31184
31178
31177
31176
31170
31168
31166
31164
31155
31153
31152
31151
31146
31138
31133
31132
31127
31126
31121
31120
31119
31115
31106
31104
31103
31099
31098
31097
31094
31088
31084
31081
31079
31077
31074
31073
31068
31065
31062
31060
31059
31052
31051
31049
31039
31037
31036
31033
31032
31031
31025
31024
31018
31014
31011
31010
31002
30999
30996
30995
30991
30989
30984
30982
30981
30979
30974
30971
30967
30965
30962
30961
30957
30954
30952
30951
30947
30945
30944
30943
30940
30937
30935
30934
30930
30929
30924
30923
30912
30906
30899
30894
30887
30882
30879
30877
30876
30874
30872
30868
30867
30865
30864
30861
30858
30857
30856
30854
30853
30849
30848
30847
30845
30843
30838
30837
30835
30831
30827
30822
30812
30809
30808
30806
30802
30798
30796
30794
30792
30788
30787
30786
30785
30782
30777
30776
30774
30772
30770
30768
30764
30763
30762
30757
30752
30747
30746
30741
30736
30735
30734
30726
30725
30723
30722
30719
30718
30717
30714
30713
30712
30700
30697
30695
30694
30693
30692
30691
30689
30688
30686
30685
30683
30682
30681
30678
30672
30665
30664
30659
30658
30655
30654
30651
30644
30640
30639
30636
30633
30632
30629
30625
30624
30623
30612
30609
30607
30602
30600
30594
30593
30588
30587
30586
30583
30582
30578
30574
30572
30568
30567
30565
30564
30561
30556
30555
30550
30547
30545
30544
30541
30538
30537
30530
30529
30528
30527
30524
30518
30517
30515
30514
30508
30506
30505
30497
30496
30495
30494
30491
30486
30485
30471
30469
30462
30461
30460
30459
30457
30453
30452
30451
30450
30449
30447
30440
30439
30438
30431
30425
30424
30420
30419
30417
30409
30407
30400
30399
30398
30396
30394
30393
30391
30389
30387
30384
30383
30371
30369
30366
30365
30364
30363
30362
30361
30359
30358
30357
30356
30354
30353
30351
30345
30344
30339
30337
30333
30332
30331
30328
30327
30325
30323
30318
30317
30316
30313
30312
30306
30305
30300
30297
30296
30294
30292
30291
30290
30287
30284
30280
30279
30274
30272
30267
30265
30262
30261
30257
30256
30249
30247
30246
30243
30242
30241
30240
30235
30234
30230
30228
30225
30223
30222
30221
30220
30213
30212
30209
30206
30203
30202
30200
30198
30196
30195
30194
30192
30191
30190
30188
30186
30177
30176
30175
30174
30169
30166
30164
30159
30153
30145
30144
30142
30140
30139
30131
30127
30126
30124
30122
30121
30120
30116
30112
30110
30103
30099
30097
30090
30089
30087
30086
30083
30082
30081
30080
30078
30073
30069
30064
30063
30060
30059
30056
30055
30053
30052
30048
30045
30041
30039
30037
30036
30033
30030
30024
30023
30022
30021
30019
30017
30015
30009
30004
30003
30002
30001
30000
29993
29991
29990
29987
29982
29977
29976
29972
29969
29968
29967
29963
29962
29961
29960
29959
29956
29953
29952
29951
29950
29946
29943
29941
29936
29933
29932
29931
29930
29923
29921
29919
29918
29917
29914
29912
29911
29907
29904
29903
29901
29896
29894
29890
29887
29885
29882
29880
29879
29878
29876
29873
29870
29869
29867
29865
29863
29862
29852
29851
29849
29848
29846
29845
29840
29837
29836
29834
29832
29829
29828
29827
29826
29823
29815
29813
29812
29809
29808
29807
29802
29798
29797
29787
29784
29782
29781
29780
29778
29774
29769
29763
29762
29761
29760
29755
29752
29751
29750
29748
29746
29745
29742
29739
29737
29736
29734
29733
29729
29728
29727
29725
29719
29718
29717
29715
29713
29711
29709
29704
29692
29688
29687
29685
29683
29681
29680
29675
29669
29659
29658
29657
29655
29652
29647
29646
29644
29642
29638
29636
29635
29630
29624
29621
29617
29608
29607
29606
29604
29603
29602
29601
29600
29599
29598
29595
29592
29590
29587
29584
29582
29579
29576
29573
29570
29569
29567
29566
29562
29561
29555
29554
29553
29545
29538
29537
29535
29532
29529
29526
29525
29524
29523
29521
29519
29514
29513
29512
29504
29501
29500
29497
29496
29492
29490
29489
29484
29476
29473
29472
29469
29468
29466
29463
29461
29458
29456
29455
29454
29450
29449
29446
29442
29437
29436
29435
29433
29431
29427
29426
29423
29422
29416
29414
29413
29406
29399
29398
29397
29395
29390
29387
29386
29383
29378
29377
29376
29374
29372
29369
29368
29365
29363
29361
29354
29352
29350
29348
29347
29344
29343
29342
29340
29335
29334
29332
29330
29326
29319
29318
29314
29310
29308
29305
29300
29299
29297
29295
29290
29287
29285
29277
29276
29273
29266
29263
29260
29256
29251
29250
29248
29245
29243
29241
29240
29238
29237
29236
29235
29234
29233
29230
29224
29222
29220
29217
29214
29209
29208
29199
29196
29195
29194
29191
29188
29183
29177
29173
29164
29162
29156
29153
29152
29151
29149
29147
29146
29143
29141
29139
29135
29134
29129
29127
29125
29124
29123
29120
29119
29115
29113
29111
29110
29104
29102
29101
29098
29097
29093
29082
29080
29079
29078
29077
29075
29074
29070
29065
29064
29063
29062
29061
29058
29057
29055
29054
29049
29044
29043
29039
29038
29037
29033
29029
29028
29024
29021
29019
29016
29015
29013
29011
29008
29006
29005
29004
29002
29000
28999
28998
28995
28994
28990
28989
28987
28985
28984
28979
28976
28972
28970
28969
28968
28967
28966
28965
28959
28948
28945
28944
28941
28940
28939
28938
28934
28931
28928
28925
28916
28915
28914
28913
28910
28909
28904
28898
28896
28895
28894
28891
28890
28889
28888
28883
28881
28880
28879
28877
28872
28870
28869
28866
28864
28861
28859
28858
28852
28851
28849
28844
28842
28833
28832
28830
28827
28826
28825
28822
28821
28817
28815
28814
28808
28807
28798
28794
28793
28792
28790
28789
28788
28784
28782
28780
28773
28771
28768
28762
28761
28760
28759
28758
28756
28755
28754
28753
28749
28748
28747
28746
28738
28737
28736
28735
28732
28730
28729
28728
28724
28719
28718
28717
28716
28711
28706
28703
28702
28700
28698
28695
28691
28689
28688
28687
28686
28684
28680
28678
28674
28673
28667
28666
28662
28661
28659
28658
28656
28655
28654
28651
28650
28645
28643
28642
28641
28640
28637
28635
28630
28628
28625
28624
28621
28618
28616
28614
28613
28612
28610
28604
28598
28437
28595
28590
28589
28586
28584
28581
28580
28579
28576
28575
28573
28568
28566
28563
28561
28550
28549
28548
28546
28542
28541
28537
28532
28523
28522
28521
28517
28515
28513
28512
28510
28504
28499
28490
28486
28485
28482
28480
28478
28476
28474
28473
28466
28465
28461
28460
28459
28456
28455
28449
28448
28445
28444
28440
28438
28434
28428
28425
28424
28422
28418
28415
28413
28408
28402
28397
28395
28393
28392
28391
28389
28388
28386
28383
28382
28373
28372
28369
28368
28365
28363
28360
28356
28353
28348
28344
28343
28342
28340
28338
28333
28332
28330
28328
28327
28313
28311
28310
28307
28306
28303
28302
28297
28294
28292
28290
28289
28288
28284
28282
28281
28278
28276
28272
28271
28267
28258
28257
28252
28251
28245
28240
28239
28237
28236
28233
28232
28231
28228
28227
28225
28217
28212
28211
28206
28203
28201
28199
28198
28192
28191
28186
28185
28178
28177
28175
28173
28169
28167
28162
28161
28160
28159
28158
28156
28154
28153
28150
28149
28148
28146
28144
28143
28142
28139
28136
28134
28132
28129
28127
28126
28123
28119
28114
28111
28110
28105
28099
28092
28090
28087
28086
28085
28083
28078
28076
28075
28070
28067
28066
28065
28061
28060
28055
28050
28049
28047
28046
28045
28043
28040
28039
28036
28035
28031
28024
28023
28022
28017
28016
28014
28013
28007
28004
28002
28001
28000
27998
27997
27995
27994
27993
27991
27989
27984
27981
27979
27978
27975
27970
27969
27890
27963
27962
27960
27957
27951
27948
27947
27941
27940
27939
27933
27932
27927
27926
27925
27922
27919
27917
27916
27906
27904
27903
27902
27897
27896
27895
27894
27885
27876
27874
27870
27869
27866
27860
27858
27856
27854
27849
27847
27846
27842
27841
27836
27835
27834
27833
27830
27829
27826
27818
27817
27813
27812
27811
27809
27807
27806
27803
27799
27797
27795
27792
27789
27784
27783
27777
27776
27775
27774
27769
27767
27766
27763
27761
27758
27757
27756
27751
27750
27747
27746
27743
27742
27739
27735
27734
27728
27726
27725
27724
27720
27719
27717
27714
27712
27711
27708
27705
27704
27703
27698
27697
27695
27693
27690
27687
27686
27683
27681
27679
27677
27676
27674
27665
27664
27661
27657
27653
27650
27643
27637
27636
27634
27629
27627
27626
27624
27621
27617
27616
27613
27612
27608
27606
27600
27598
27591
27590
27584
27581
27580
27578
27577
27574
27571
27567
27566
27564
27563
27562
27558
27556
27551
27546
27545
27544
27539
27538
27536
27523
27519
27515
27514
27511
27510
27509
27508
27507
27505
27504
27502
27500
27498
27495
27494
27492
27486
27485
27483
27477
27475
27460
27458
27457
27456
27454
27452
27451
27442
27441
27440
27436
27433
27432
27430
27428
27426
27424
27423
27422
27415
27414
27413
27412
27409
27407
27403
27400
27395
27393
27392
27391
27389
27388
27387
27386
27385
27384
27383
27381
27379
27376
27372
27371
27370
27367
27366
27364
27362
27360
27358
27355
27353
27345
27344
27342
27341
27336
27334
27332
27327
27325
27324
27321
27320
27318
27316
27312
27310
27308
27307
27303
27302
27299
27298
27296
27289
27288
27287
27286
27285
27283
27281
27269
27268
27267
27266
27264
27262
27261
27260
27258
27256
27251
27247
27242
27240
27236
27234
27230
27228
27227
27225
27223
27222
27221
27215
27213
27210
27207
27204
27201
27198
27197
27188
27186
27182
27181
27179
27178
27173
27172
27170
27169
27166
27162
27160
27156
27155
27153
27152
27150
27146
27143
27142
27140
27139
27137
27136
27135
27134
27131
27128
27125
27119
27117
27115
27114
27111
27107
27105
27101
27100
27099
27096
27094
27090
27089
27086
27085
27082
27081
27080
27077
27074
27072
27068
27064
27062
27059
27054
27053
27052
27049
27048
27047
27046
27045
27044
27041
27033
27031
27030
27028
27026
27023
27016
27014
27012
27011
27010
27009
26997
26996
26993
26990
26989
26988
26985
26984
26979
26976
26975
26974
26973
26972
26963
26962
26961
26959
26953
26950
26948
26942
26940
26936
26935
26933
26932
26929
26927
26925
26923
26921
26920
26917
26913
26909
26907
26905
26903
26902
26896
26895
26891
26888
26886
26885
26881
26874
26872
26870
26865
26862
26861
26857
26856
26853
26852
26851
26848
26841
26838
26835
26832
26831
26828
26827
26826
26824
26823
26822
26820
26816
26812
26806
26801
26800
26799
26797
26794
26791
26788
26785
26780
26777
26776
26770
26769
26768
26767
26765
26764
26760
26758
26757
26756
26755
26752
26747
26743
26738
26734
26731
26729
26727
26726
26720
26714
26712
26711
26710
26706
26703
26702
26701
26697
26696
26691
26689
26688
26687
26685
26684
26682
26678
26677
26672
26671
26668
26660
26652
26650
26648
26647
26646
26645
26640
26636
26633
26631
26630
26629
26626
26625
26621
26620
26619
26618
26617
26613
26605
26603
26602
26599
26598
26597
26594
26593
26592
26589
26588
26587
26585
26584
26583
26582
26579
26577
26576
26573
26572
26570
26568
26565
26563
26562
26561
26559
26558
26556
26547
26545
26542
26541
26540
26537
26535
26534
26532
26530
26525
26510
26504
26503
26495
26493
26492
26491
26489
26486
26483
26481
26480
26479
26473
26467
26465
26464
26463
26460
26458
26457
26455
26453
26451
26450
26447
26446
26444
26443
26436
26434
26433
26428
26423
26420
26416
26415
26414
26412
26411
26407
26402
26397
26395
26394
26393
26392
26390
26386
26385
26384
26382
26381
26373
26372
26370
26368
26365
26364
26362
26359
26358
26357
26356
26354
26352
26347
26345
26341
26338
26335
26333
26332
26331
26329
26328
26327
26326
26324
26320
26319
26315
26312
26311
26308
26307
26305
26303
26302
26300
26297
26295
26288
26287
26284
26283
26280
26279
26278
26277
26275
26272
26269
26268
26266
26265
26264
26262
26257
26256
26254
26253
26249
26245
26242
26239
26234
26233
26231
26230
26227
26226
26225
26223
26220
26219
26218
26215
26214
26210
26209
26208
26207
26206
26204
26202
26199
26197
26193
26192
26191
26190
26188
26187
26185
26182
26178
26177
26174
26171
26170
26169
26166
26163
26161
26159
26156
26155
26154
26151
26144
26140
26135
26127
26126
26124
26121
26118
26117
26116
26113
26111
26110
26105
26103
26101
26099
26098
26097
26095
26094
26093
26085
26080
26079
26076
26073
26072
26071
26067
26066
26063
26060
26055
26054
26053
26052
26050
26049
26048
26046
26044
26043
26038
26037
26036
26031
26028
26026
26025
26021
26015
26012
26008
26006
26004
26001
26000
25998
25994
25992
25990
25986
25985
25982
25981
25979
25975
25974
25970
25968
25966
25965
25962
25957
25954
25953
25949
25948
25947
25945
25943
25941
25939
25937
25933
25930
25926
25923
25922
25920
25919
25918
25916
25913
25908
25899
25898
25891
25890
25887
25885
25881
25877
25876
25873
25870
25869
25867
25865
25864
25857
25851
25850
25846
25844
25843
25841
25839
25838
25830
25829
25819
25818
25817
25816
25810
25809
25808
25801
25798
25797
25794
25792
25786
25782
25780
25779
25777
25772
25760
25759
25757
25756
25755
25753
25750
25748
25747
25744
25743
25741
25739
25737
25735
25733
25732
25728
25726
25723
25722
25720
25718
25716
25715
25714
25711
25706
25704
25703
25698
25695
25692
25690
25688
25682
25681
25678
25668
25667
25665
25664
25661
25659
25658
25652
25651
25650
25649
25648
25646
25637
25635
25634
25633
25629
25627
25621
25620
25619
25617
25612
25608
25605
25602
25601
25599
25591
25590
25589
25588
25585
25584
25579
25578
25577
25576
25575
25573
25570
25565
25560
25557
25554
25553
25544
25541
25540
25538
25535
25527
25524
25523
25521
25519
25516
25515
25511
25501
25509
25502
25500
25499
25496
25495
25491
25490
25489
25488
25485
25484
25479
25477
25475
25473
25471
25469
25468
25466
25464
25462
25461
25459
25455
25453
25452
25451
25449
25445
25443
25433
25432
25431
25428
25426
25425
25424
25422
25420
25415
25413
25409
25404
25399
25398
25389
25386
25373
25372
25371
25368
25367
25366
25365
25364
25363
25362
25361
25360
25359
25358
25357
25356
25352
25350
25342
25341
25339
25338
25337
25335
25334
25333
25329
25325
25324
25322
25318
25317
25315
25311
25309
25307
25305
25302
25301
25299
25298
25296
25294
25291
25288
25286
25285
25283
25282
25281
25276
25275
25271
25270
25265
25264
25263
25260
25256
25249
25248
25241
25239
25238
25237
25230
25228
25226
25224
25222
25220
25219
25216
25213
25210
25208
25207
25200
25199
25198
25197
25194
25193
25191
25189
25187
25184
25183
25177
25173
25170
25168
25166
25163
25162
25161
25157
25154
25153
25144
25129
25127
25125
25120
25119
25118
25117
25114
25110
25101
25099
25098
25097
25096
25091
25089
25086
25085
25084
25081
25077
25074
25071
25069
25068
25067
25057
25056
25054
25053
25052
25051
25048
25046
25043
25041
25032
25031
25029
25027
25026
25025
25023
25021
25019
25017
25015
25013
25010
25009
25008
25006
25002
24999
24996
24995
24985
24982
24981
24978
24974
24970
24968
24967
24966
24965
24964
24963
24962
24961
24956
24955
24952
24951
24947
24944
24943
24941
24939
24937
24932
24929
24927
24924
24922
24920
24915
24911
24907
24906
24904
24902
24901
24899
24897
24896
24895
24894
24892
24888
24883
24882
24881
24880
24879
24874
24870
24863
24859
24858
24857
24854
24853
24850
24849
24846
24844
24841
24839
24838
24836
24835
24834
24828
24825
24820
24818
24814
24812
24811
24809
24807
24805
24803
24799
24796
24793
24792
24791
24789
24788
24787
24775
24772
24769
24767
24763
24761
24760
24757
24755
24753
24751
24747
24744
24743
24742
24740
24737
24734
24729
24728
24725
24718
24717
24713
24711
24705
24694
24693
24691
24688
24687
24684
24682
24677
24675
24674
24673
24670
24667
24665
24663
24651
24650
24649
24648
24646
24643
24641
24638
24636
24635
24622
24615
24614
24610
24607
24606
24599
24598
24594
24581
24580
24577
24576
24572
24570
24564
24563
24561
24557
24547
24545
24543
24541
24539
24538
24536
24535
24533
24531
24528
24527
24526
24521
24516
24514
24513
24512
24511
24509
24505
24503
24501
24496
24489
24488
24486
24484
24478
24477
24475
24469
24466
24464
24461
24460
24457
24455
24453
24452
24451
24450
24449
24447
24444
24440
24434
24430
24428
24420
24419
24417
24416
24412
24411
24410
24409
24407
24406
24405
24404
24403
24399
24397
24393
24391
24390
24385
24384
24381
24380
24379
24376
24375
24374
24370
24367
24364
24362
24361
24359
24357
24356
24355
24353
24348
24344
24343
24338
24332
24331
24330
24327
24326
24323
24322
24321
24320
24317
24313
24311
24310
24309
24306
24301
24298
24296
24292
24288
24286
24285
24278
24274
24273
24265
24263
24259
24258
24257
24254
24249
24248
24245
24241
24239
24236
24231
24229
24228
24222
24220
24219
24218
24215
24212
24210
24207
24206
24203
24202
24200
24194
24193
24192
24184
24181
24176
24175
24174
24167
24160
24159
24158
24156
24151
24147
24145
24142
24141
24139
24136
24134
24133
24130
24127
24126
24125
24118
24117
24115
24114
24113
24112
24111
24108
24107
24101
24097
24096
24093
24092
24086
24085
24082
24075
24074
24070
24066
24063
24061
24060
24054
24051
24044
24043
24041
24039
24031
24027
24026
24024
24012
24009
24008
24007
24005
24002
24001
23997
23992
23991
23990
23987
23986
23982
23981
23979
23974
23968
23963
23960
23959
23958
23957
23953
23947
23945
23944
23942
23940
23939
23935
23932
23930
23929
23927
23926
23921
23919
23918
23917
23913
23909
23908
23904
23903
23902
23901
23899
23895
23894
23890
23885
23883
23877
23875
23873
23871
23867
23866
23865
23864
23863
23859
23858
23853
23843
23842
23825
23822
23820
23819
23816
23815
23809
23808
23807
23801
23799
23794
23791
23789
23787
23786
23782
23777
23775
23774
23772
23771
23766
23763
23760
23757
23756
23754
23753
23745
23743
23742
23740
23737
23733
23728
23726
23725
23721
23720
23719
23717
23716
23715
23712
23709
23707
23704
23701
23699
23696
23694
23693
23688
23687
23681
23680
23678
23676
23664
23661
23660
23658
23655
23654
23651
23646
23645
23643
23642
23640
23639
23638
23637
23635
23633
23629
23626
23624
23619
23613
23612
23611
23610
23600
23599
23597
23596
23595
23594
23591
23587
23586
23578
23577
23576
23574
23573
23571
23567
23566
23565
23558
23554
23550
23549
23546
23544
23542
23541
23537
23530
23529
23527
23523
23521
23519
23514
23512
23511
23504
23502
23501
23500
23498
23495
23494
23489
23483
23482
23481
23479
23477
23475
23473
23472
23468
23467
23466
23461
23460
23459
23456
23449
23448
23445
23444
23424
23440
23439
23437
23433
23430
23426
23422
23420
23418
23415
23412
23411
23410
23406
23404
23393
23390
23385
23383
23382
23380
23373
23372
23369
23368
23367
23363
23362
23361
23359
23356
23351
23350
23348
23346
23345
23341
23333
23330
23329
23328
23324
23323
23322
23321
23319
23318
23316
23315
23310
23309
23307
23301
23298
23297
23296
23295
23294
23289
23287
23285
23282
23279
23277
23276
23273
23272
23267
23263
23255
23254
23253
23252
23250
23249
23247
23243
23239
23232
23231
23230
23225
23224
23223
23221
23218
23216
23211
23209
23206
23204
23202
23201
23200
23197
23196
23193
23191
23190
23187
23185
23184
23178
23177
23170
23165
23164
23160
23152
23146
23143
23139
23135
23133
23129
23125
23124
23122
23121
23113
23107
23103
23102
23097
23092
23091
23083
23081
23074
23073
23071
23069
23065
23063
23061
23058
23057
23049
23046
23044
23043
23037
23036
23031
23030
23029
23027
23023
23020
23018
23008
23006
23004
23003
23002
23001
23000
22996
22994
22993
22991
22987
22983
22976
22974
22973
22969
22965
22962
22960
22958
22957
22954
22952
22949
22876
22945
22933
22931
22929
22928
22924
22923
22921
22918
22916
22912
22911
22906
22904
22896
22894
22893
22890
22889
22888
22885
22884
22876
22872
22871
22865
22860
22859
22855
22853
22851
22847
22846
22845
22843
22838
22825
22821
22818
22816
22812
22811
22809
22808
22805
22803
22802
22800
22795
22791
22790
22787
22785
22783
22778
21776
21775
21773
21769
21768
21767
21766
21764
21762
21759
21755
21753
21750
21749
21744
21743
21741
21739
21736
21735
21733
21732
21730
21729
21727
21726
21725
21723
21720
21718
21717
21715
21712
21711
21709
21708
21707
21701
21700
21695
21691
21690
21689
21688
21687
21686
21684
21682
21679
21677
21674
21673
21670
21669
21665
21663
21659
21654
21652
21650
21649
21645
21643
21642
21638
21636
21635
21633
21632
21631
21630
21622
21621
21620
21618
21616
21613
21609
21608
21602
21601
21591
21590
21585
21583
21580
21579
21578
21575
21569
21566
21560
21556
21553
21550
21543
21542
21541
21539
21537
21535
21532
21531
21528
21527
21525
21524
21523
21522
21519
21516
21514
21510
21509
21502
21499
21497
21494
21492
21488
21486
21483
21482
21481
21473
21471
21469
21467
21464
21462
21459
21458
21447
21439
21435
21434
21433
21432
21431
21429
21428
21427
21426
21424
21422
21414
21407
21395
21386
21385
21380
21379
21376
21371
21371
21368
21362
21351
21348
21340
21339
21336
21329
21319
21317
21316
21315
21313
21306
21303
21299
21298
21287
21286
21283
21282
21279
21276
21275
21268
21267
21266
21265
21264
21263
21262
21259
21256
21255
21253
21249
21242
21241
21238
21236
21235
21225
21221
21217
21215
21213
21210
21209
21206
21203
21202
21201
21200
21198
21185
21182
21178
21173
21169
21162
21160
21159
21156
21155
21151
21146
21145
21144
21141
21140
21134
21128
21125
21117
21113
21112
21111
21109
21105
21103
21100
21098
21097
21093
21087
21086
21084
21083
21081
21077
21076
21075
21071
21069
21067
21066
21064
21063
21062
21060
21055
21048
21047
21042
21039
21035
21033
21029
21027
21026
21016
21010
21006
21004
21001
20998
20997
20992
20990
20986
20985
20984
20983
20978
20976
20972
20971
20970
20968
20965
20964
20962
20960
20957
20955
20953
20952
20940
20938
20933
20931
20930
20926
20919
20916
20905
20904
20903
20902
20900
20897
20896
20893
20889
20888
20886
20883
20882
20878
20877
20875
20873
20872
20871
20868
20865
20864
20860
20859
20856
20855
20854
20853
20845
20843
20837
20835
20834
20831
20830
20829
20828
20826
20822
20820
20812
20811
20810
20809
20805
20803
20801
20798
20797
20796
20795
20790
20787
20785
20781
20778
20772
20770
20769
20767
20765
20761
20756
20753
20750
20748
20743
19742
19741
19739
19737
19730
19729
19728
19727
19726
19725
19723
19721
19720
19718
19717
19714
19713
19710
19704
19694
19691
19685
19683
19681
19673
19670
19666
19665
19664
19662
19661
19654
19653
19652
19650
19646
19644
19642
19641
19640
19635
19634
19633
19632
19629
19626
19625
19623
19622
19619
19618
19617
19610
19604
19603
19602
19600
19598
19597
19589
19587
19586
19583
19582
19580
19578
19577
19576
19572
19568
19566
19564
19563
19562
19561
19560
19554
19553
19550
19542
19540
19536
19533
19530
19529
19527
19524
19518
19515
19512
19511
19509
19508
19505
19502
19498
19496
19488
19486
19484
19480
19474
19470
19469
19464
19459
19455
19454
19450
19449
19447
19446
19442
19441
19439
19437
19433
19429
19428
19415
19414
19412
19402
19401
19399
19397
19389
19380
19379
19376
19374
19373
19369
19365
19363
19360
19358
19354
19353
19352
19351
19349
19347
19344
19342
19341
19336
19334
19333
19331
19328
19327
19326
19324
19323
19320
19314
19311
19304
19301
19300
19297
19295
19292
19289
19286
19271
19270
19266
19264
19263
19261
19260
19257
19254
19251
19247
19213
19243
19236
19234
19230
19229
19228
19227
19223
19219
19218
19217
19216
19214
19213
19211
19208
19205
19204
19201
19199
19198
19195
19190
19188
19187
19185
19183
19182
19177
19176
19174
19171
19170
19168
19166
19164
19160
19159
19157
19152
19146
19145
19144
19143
19141
19140
19135
19134
19133
19132
19130
19129
19128
19124
19122
19121
19120
19117
19111
19108
19107
19106
19105
19104
19102
19101
19099
19092
19089
19082
19080
19079
19078
19077
19074
19069
19068
19067
19066
19060
19059
19056
19054
19053
19051
19050
19046
19042
19041
19038
19037
19035
19034
19031
19029
19027
19026
19024
19023
19022
19020
19018
19014
19006
19005
19004
19001
18997
18994
18992
18990
18987
18986
18984
18983
18979
18977
18973
18972
18971
18970
18969
18968
18964
18963
18962
18960
18959
18958
18955
18952
18945
18936
18929
18928
18927
18926
18923
18922
18918
18917
18915
18912
18907
18905
18904
18901
18900
18899
18894
18893
18891
18887
18885
18884
18883
18880
18870
18868
18866
18865
18864
18862
18858
18857
18856
18855
18854
18852
18849
18848
18844
18842
18840
18838
18837
18835
18829
18828
18824
18823
18821
18820
18818
18814
18813
18811
18808
18799
18797
18795
18794
18791
18789
18787
18785
18784
18780
18778
18776
18774
18773
18772
18771
18769
18766
18761
18760
18758
18757
18754
18751
18746
18745
18736
18735
18732
18731
18730
18723
18721
18719
18716
18715
18714
18709
18704
18699
18694
18690
18679
18678
18677
18676
18669
18668
18661
18660
18658
18656
18652
18650
18648
18647
18646
18642
18641
18640
18637
18632
18626
18615
18611
18609
18606
18604
18602
18600
18598
18596
18594
18592
18591
18588
18585
18584
18582
18577
18576
18575
18574
18571
18568
18567
18565
18561
18559
18558
17857
18546
18544
18543
18537
18536
18532
18527
18520
18518
18515
18512
18510
18507
18503
18500
18499
18498
18497
18487
18485
18484
18479
18475
18469
18468
18466
18461
18456
18455
18453
18451
18450
18447
18446
18445
18444
18435
18434
18432
18428
18423
18421
18417
18416
18408
18407
18404
18403
18397
18395
18393
18392
18390
18389
18387
18383
18380
18378
18376
18372
18371
18370
18365
18362
18361
18360
18358
18356
18354
18353
18349
18332
18340
18339
18338
18335
18334
18332
18328
18323
18321
18320
18319
18314
18306
18304
18303
18302
18301
18300
18295
18292
18291
18290
18289
18287
18285
18283
18278
18277
18276
18271
18269
18268
18266
18264
18262
18260
18254
18252
18250
18249
18242
18241
18238
18233
18231
18228
18226
18225
18223
18222
18219
18218
18216
18214
18211
18209
18208
18204
18202
18201
18200
18198
18196
18195
18192
18191
18190
18188
18186
18183
18182
18179
18176
18175
18174
18173
18172
18170
18166
18165
18163
18162
18161
18159
18153
18143
18142
18140
18137
18136
18133
18132
18131
18128
18127
18124
18123
18122
18118
18117
18115
18113
18109
18108
18102
18100
18098
18097
18095
18089
18081
18080
18078
18072
18069
18066
18065
18064
18063
18060
18058
18056
18050
18045
18039
18034
18032
18029
18026
18025
18023
18021
18020
18016
18012
18010
18009
18007
18000
17999
17993
17992
17990
17987
17983
17982
17978
17973
17972
17969
17967
17964
17962
17960
17959
17958
17957
17952
17951
17949
17947
17946
17944
17942
17941
17940
17939
17937
17936
17934
17933
17931
17927
17920
17915
17908
17907
17904
17900
17898
17896
17890
17889
17885
17882
17881
17878
17876
17875
17871
17870
17862
17861
17860
17858
17856
17855
17854
17850
17839
17836
17832
17830
17829
17828
17824
17823
17822
17821
17818
17815
17814
17813
17812
17810
17800
17798
17797
17796
17794
17793
17791
17788
17786
17785
17781
17780
17776
17772
17771
17769
17766
17763
17762
17761
17760
17757
17752
17751
17748
17747
17746
17745
17738
17737
17733
17731
17728
17725
17724
17720
17718
17717
17715
17714
17712
17709
17708
17706
17696
17695
17692
17691
17685
17678
17669
17664
17663
17661
17660
17659
17652
17650
17646
17645
17644
17641
17640
17635
17632
17630
17628
17627
17625
17621
17620
17619
17616
17609
17607
17606
17602
17598
17597
17596
17595
17594
17584
17582
17580
17577
17574
17562
17558
17553
17551
17549
17547
17546
17545
17538
17533
17528
17527
17526
17524
17520
17517
17516
17515
17514
17509
17508
17505
17504
17502
17491
17490
17487
17473
17470
17469
17466
17465
17464
17463
17462
17457
17456
17455
17454
17451
17449
17446
17444
17442
17441
17440
17438
17437
17436
17434
17429
17428
17424
17421
17418
17416
17414
17412
17411
17409
17407
17406
17402
17401
17400
17397
17396
17395
17394
17391
17388
17385
17384
17381
17380
17377
17376
17374
17371
17370
17368
17367
17366
17363
17362
17359
17356
17354
17345
17342
17341
17340
17334
17332
17330
17324
17323
17322
17321
17319
17315
17314
17310
17309
17303
17296
17295
17291
17289
17286
17284
17278
17275
17269
17268
17262
17261
17259
17258
17256
17254
17251
17249
17247
17246
17239
17238
17235
17233
17231
17230
17229
17227
17224
17220
17217
17216
17215
17212
17207
17206
17205
17204
17202
17200
17194
17188
17186
17184
17182
17179
17175
17170
17166
17165
17162
17161
17160
17158
17156
17154
17153
17150
17148
17144
17141
17138
17136
17135
17134
17131
17125
17120
17119
17117
17115
17111
17105
17103
17099
17097
17094
17088
17086
17084
17082
17081
17079
17078
17072
17063
17057
17056
17054
17052
17051
17047
17045
17044
17036
17033
17030
17028
17025
17024
17021
17016
17015
17010
17006
17005
17000
16997
16990
16988
16986
16980
16977
16976
16971
16969
16968
16967
16966
16964
16962
16959
16958
16955
16952
16949
16942
16933
16925
16924
16923
16918
16917
16914
16912
16911
16905
16904
16902
16898
16896
16891
16878
16873
16870
16868
16866
16864
16863
16862
16861
16859
16856
16855
16853
16848
16847
16845
16843
16841
16838
16837
16833
16831
16830
16825
16822
16821
16819
16818
16815
16812
16811
16809
16807
16804
16800
16798
16797
16796
16793
16792
16787
16785
16784
16782
16781
16779
16776
16773
16769
16768
16766
16764
16763
16761
16758
16756
16750
16748
16747
16745
16742
16740
16738
16736
16734
16728
16727
16722
16717
16715
16714
16713
16705
16698
16697
16696
16692
16690
16688
16687
16686
16682
16678
16674
16673
16672
16666
16664
16661
16660
16657
16656
16655
16652
16648
16645
16642
16637
16630
16628
16627
16621
16616
16611
16610
16609
16605
16599
16596
16592
16591
16587
16585
16584
16582
16580
16578
16577
16573
16570
16565
16564
16563
16560
16559
16557
16556
16555
16553
16550
16548
16546
16538
16537
16534
16533
16532
16531
16530
16529
16525
16517
16516
16513
16512
16508
16507
16505
16495
16494
16489
16487
16485
16484
16482
16480
16476
16474
16473
16472
16471
16468
16464
16460
16459
16458
16457
16454
16445
16443
16442
16438
16436
16435
16434
16430
16429
16428
16426
16424
16419
16414
16413
16412
16401
16399
16395
16391
16390
16387
16385
16383
16381
16378
16375
16374
16373
16369
16367
16364
16359
16357
16353
16351
16342
16341
16338
16335
16333
16332
16331
16329
16327
16324
16320
16317
16315
16314
16313
16309
16307
16304
16301
16299
16298
16297
16292
16291
16287
16285
16281
16280
16279
16276
16275
16274
16272
16264
16262
16261
16259
16257
16255
16254
16253
16251
16247
16237
16231
16229
16220
16218
16216
16215
16209
16208
16207
16206
16205
16202
16199
16193
16189
16188
16183
16180
16176
16175
16174
16172
16164
16161
16160
16159
16156
16154
16149
16145
16144
16134
16130
16129
16126
16124
16121
16117
16112
16107
16101
16100
16099
16093
16092
16088
16083
16082
16081
16079
16076
16069
16068
16065
16064
16059
16058
16057
16051
16050
16047
16046
16043
16040
16039
16038
16033
16032
16031
16029
16028
16024
16021
16020
16019
16016
16015
16013
16008
16006
16005
16003
15998
15993
15986
15985
15983
15982
15978
15975
15974
15972
15971
15970
15967
15962
15960
15957
15953
15948
15944
15943
15940
15937
15936
15935
15932
15930
15928
15925
15923
15918
15915
15914
15904
15901
15900
15896
15891
15888
15887
15886
15885
15884
15883
15879
15878
15877
15871
15869
15866
15865
15862
15861
15859
15857
15851
15849
15846
15842
15841
15839
15838
15837
15833
15828
15826
15825
15824
15823
15821
15819
15817
15816
15814
15808
15806
15805
15801
15800
15795
15794
15793
15791
15790
15789
15784
15782
15778
15777
15770
15766
15762
15755
15754
15753
15752
15749
15744
15741
15736
15733
15726
15724
15723
15720
15717
15713
15712
15711
15710
15705
15704
15699
15697
15696
15695
15694
15692
15690
15684
15683
15682
15681
15680
15674
15671
15670
15664
15663
15659
15657
15656
15655
15654
15646
15644
15642
15639
15637
15636
15631
15624
15622
15619
15616
15614
15613
15612
15608
15603
15602
15598
15597
15596
15595
15593
15589
15588
15586
15584
15579
15578
15573
15571
15568
15567
15562
15560
15558
15557
15553
15550
15549
15546
15545
15542
15541
15537
15533
15530
15529
15527
15526
15525
15521
15517
15516
15514
15506
15501
15500
15498
15495
15494
15492
15487
15479
15476
15473
15471
15463
15462
15460
15459
15453
15448
15444
15442
15441
15439
15438
15435
15434
15431
15430
15429
15427
15420
15416
15415
15411
15408
15404
15403
15402
15400
15397
15394
15392
15387
15385
15384
15382
15381
15380
15379
15378
15372
15369
15368
15365
15364
15363
15362
15361
15360
15358
15357
15356
15353
15352
15350
15349
15347
15342
15340
15337
15335
15334
15328
15327
15324
15323
15322
15321
15318
15311
15310
15309
15303
15300
15299
15296
15295
15293
15287
15286
15285
15284
15283
15278
15277
15274
15273
15271
15268
15266
15258
15257
15253
15247
15246
15241
15240
15239
15238
15237
15236
15235
15232
15228
15227
15225
15224
15222
15217
15211
15202
15201
15197
15179
15182
15180
15177
15176
15173
15172
15171
15168
15166
15165
15164
15163
15162
15157
15154
15153
15152
15148
15146
15145
15143
15142
15140
15139
15138
15136
15134
15133
15128
15127
15125
15124
15123
15119
15118
15117
15114
15111
15110
15106
15103
15101
15100
15097
15090
15088
15087
15084
15082
15080
15078
15076
15073
15072
15070
15069
15068
15063
15062
15061
15060
15056
15055
15051
15048
15047
15046
15043
15042
14038
14037
14032
14031
14029
14028
14023
14021
14018
14015
14010
14005
14000
13997
13991
13990
13988
13987
13986
13984
13982
13976
13974
13973
13970
13968
13966
13964
13961
13960
13952
13951
13950
13949
13948
13945
13943
13936
13930
13927
13925
13916
13914
13910
13903
13893
13887
13885
13884
13883
13880
13877
13876
13874
13871
13866
13865
13862
13861
13852
13851
13849
13846
13842
13840
13839
13836
13829
13827
13826
13822
13821
13819
13816
13813
13811
13808
13804
13799
13798
13797
13796
13792
13787
13786
13785
13783
13778
13776
13767
13766
13761
13760
13759
13758
13756
13754
13751
13749
13748
13747
13745
13741
13737
13736
13730
13727
13726
13723
13722
13720
13714
13713
13711
13702
13700
13697
13696
13693
13692
13690
13686
13682
13681
13680
13678
13674
13673
13667
13666
13662
13659
13656
13652
13649
13646
13641
13640
13639
13635
13629
13628
13626
13625
13623
13620
13616
13609
13598
13603
13601
13600
13598
13595
13594
13592
13587
13586
13581
13580
13579
13571
13569
13568
13567
13563
13561
13557
13556
13552
13551
13546
13543
13542
13537
13534
13532
13530
13526
13525
13510
13521
13521
13516
13513
13510
13506
13502
13501
13498
13495
13493
13492
13490
13487
13483
13480
13479
13477
13474
13472
13471
13470
13468
13467
13464
13460
13458
13457
13455
13452
13447
13445
13444
13443
13441
13439
13434
13433
13431
13426
13423
13420
13418
13416
13414
13409
13407
13404
13403
13400
13399
13393
13391
13390
13387
13384
13379
13378
13376
13374
13373
13371
13370
13365
13364
13362
13361
13360
13356
13350
13348
13344
13343
13341
13337
13330
13328
13321
13315
13313
13310
13308
13305
13302
13300
13294
13291
13287
13261
13280
13279
13275
13274
13273
13272
13270
13268
13260
13259
13256
13254
13253
13252
13245
13244
13234
13233
13232
13230
13224
13223
13217
13214
13212
13209
13207
13201
13200
13199
13197
13194
13190
13188
13187
13182
13181
13180
13177
13175
13174
13170
13168
13160
13153
13152
13151
13150
13148
13144
13143
13137
13136
13131
13128
13126
13124
13121
13120
13118
13114
13112
13111
13110
13101
13099
13094
13088
13086
13085
13084
13083
13082
13076
13075
13073
13072
13071
13070
13067
13066
13063
13061
13059
13056
13049
13047
13046
13045
13043
13042
13037
13032
13030
13025
13023
13021
13020
13019
13018
13017
13016
13015
13012
13009
13006
13001
13000
12998
12996
12982
12980
12978
12976
12975
12973
12965
12963
12957
12954
12953
12950
12949
12937
12936
12934
12933
12929
12928
12927
12924
12920
12917
12915
12911
12907
12903
12901
12890
12888
12882
12880
12879
12876
12874
12866
12864
12860
12859
12858
12855
12852
12849
12848
12844
12841
12840
12837
12834
12832
12831
12824
12823
12820
12819
12810
12809
12806
12803
12802
12799
12797
12796
12792
12791
12781
12779
12778
12776
12774
12773
12772
12770
12769
12765
12760
12759
12757
12756
12751
12749
12737
12734
12733
12732
12731
12730
12726
12723
12721
12720
12717
12716
12715
12714
12708
12705
12703
12698
12695
12693
12691
12689
12683
12681
12678
12677
12674
12672
12668
12666
12663
12660
12658
12651
12649
12646
12645
12644
12642
12641
12638
12635
12631
12630
12629
12628
12624
12623
12622
12621
12615
12612
12611
12609
12605
12603
12600
12596
12591
12589
12584
12583
12582
12581
12579
12577
12571
12570
12562
12561
12560
12559
12558
12554
12553
12548
12547
12546
12545
12538
12537
12536
12529
12525
12521
12520
12519
12516
12515
12511
12508
12505
12503
12501
12500
12496
12488
12487
12486
12482
12481
12480
12479
12478
12477
12475
12474
12469
12465
12464
12454
12453
12450
12449
12446
12444
12441
12440
12436
12435
12433
12432
12431
12429
12426
12425
12421
12417
12414
12411
12408
12406
12397
12396
12394
12389
12388
12386
12385
12378
12367
12364
12355
12348
12347
12346
12341
12335
12332
12331
12330
12329
12328
12327
12322
12321
12315
12309
12305
12299
12298
12297
12296
12295
12290
12288
12285
12284
12281
12279
12274
12273
12269
12268
12267
12261
12257
12251
12250
12247
12242
12238
12236
12235
12232
12230
12228
12226
12223
12222
12221
12217
12216
12215
12212
12210
12209
12202
12198
12193
12191
12190
12181
12174
12173
12170
12167
12166
12165
12163
12160
12159
12154
12151
12150
12145
12143
12141
12139
12133
12131
12130
12129
12128
12127
12123
12122
12120
12119
12115
12112
12106
12104
12099
12098
12097
12096
12092
12090
12089
12084
12082
12079
12078
12074
12072
12068
12066
12065
12063
12056
12055
12054
12051
12048
12045
12043
12037
12036
12033
12032
12030
12024
12023
12018
12016
12015
12013
12012
12009
12008
12006
12003
11998
11997
11995
11993
11992
11991
11989
11988
11987
11986
11985
11982
11976
11975
11974
11972
11961
11959
11948
11947
11945
11941
11938
11937
11934
11933
11931
11928
11926
11925
11924
11923
11919
11917
11916
11914
11913
11912
11909
11908
11906
11900
11898
11896
11894
11889
11882
11876
11870
11866
11863
11861
11860
11858
11856
11853
11852
11847
11844
11843
11840
11837
11835
11832
11831
11828
11826
11825
11822
11818
11816
11811
11807
11804
11802
11800
11798
11795
11792
11789
11787
11785
11782
11780
11773
11772
11770
11761
11758
11757
11753
11747
11746
11743
11739
11735
11733
11729
11725
11722
11721
11718
11717
11713
11711
11710
11708
11707
11703
11701
11700
11699
11696
11695
11694
11693
11690
11686
11685
11683
11680
11679
11676
11675
11674
11673
11669
11668
11667
11664
11661
11658
11654
11652
11648
11647
11646
11642
11640
11637
11634
11632
11628
11627
11626
11625
11620
11618
11617
11612
11608
11606
11605
11601
11593
11591
11589
11587
11585
11583
11582
11581
11578
11572
11571
11570
11561
11558
11556
11551
11550
11547
11545
11543
11540
11539
11538
11534
11533
11532
11528
11527
11525
11523
11522
11519
11518
11516
11515
11511
11508
11505
11502
11501
11495
11491
11489
11487
11486
11484
11482
11480
11479
11478
11474
11469
11468
11466
11465
11459
11455
11454
11453
11448
11445
11444
11442
11441
11440
11438
11434
11431
11430
11429
11428
11424
11423
11422
11421
11419
11418
11416
11415
11413
11409
11407
11406
11404
11402
11398
11397
11394
11393
11391
11387
11386
11383
11380
11375
11372
11368
11365
11363
11362
11361
11359
11349
11346
11345
11344
11342
11336
11334
11331
11328
11326
11322
11319
11318
11317
11315
11313
11312
11308
11303
11298
11297
11296
11290
11288
11283
11281
11280
11279
11278
11277
11268
11267
11256
11254
11253
11252
11248
11247
11246
11245
11244
11243
11242
11237
11233
11228
11223
11222
11219
11216
11215
11199
11193
11188
11187
11186
11185
11183
11182
11179
11173
11170
11169
11166
11161
11157
11154
11153
11152
11150
11149
11147
11146
11144
11143
11139
11137
11136
11133
11130
11127
11126
11123
11120
11119
11112
11110
11109
11106
11104
11099
11093
11092
11091
11089
11085
11080
11078
11077
11070
11067
11065
11064
11061
11060
11056
11048
11046
11044
11040
11038
11035
11032
11030
11027
11023
11018
11016
11015
11014
11009
11010
11009
11002
11001
10997
10993
10990
10988
10981
10979
10975
10973
10971
10968
10964
10959
10951
10950
10945
10941
10939
10933
10932
10930
10924
10915
10914
10906
10905
10903
10898
10892
10878
10876
10875
10873
10872
10868
10866
10864
10862
10854
10846
10845
10842
10832
10831
10830
10829
10827
10825
10824
10823
10818
10811
10810
10808
10806
10804
10800
10798
10793
10791
10781
10780
10779
10772
10765
10764
10761
10759
10757
10754
10753
10752
10750
10747
10745
10744
10743
10740
10737
10735
10733
10732
10730
10729
10728
10725
10724
10723
10721
10720
10719
10718
10715
10711
10706
10705
10704
10702
10700
10699
10696
10695
10693
10691
10690
10683
10679
10678
10677
10675
10674
10671
10665
10664
10661
10658
10652
10648
10646
10640
10639
10635
10633
10629
10628
10622
10618
10616
10615
10612
10611
10610
10609
10608
10607
10601
10596
10595
10592
10591
10590
10588
10586
10579
10576
10573
10571
10569
10568
10567
10566
10564
10561
10557
10553
10548
10546
10545
10540
10539
10538
10536
10534
10530
10529
10526
10525
10522
10520
10518
10516
10515
10514
10509
10508
10507
10506
10505
10504
10502
10500
10499
10498
10495
10494
10493
10491
10490
10488
10486
10482
10478
10475
10473
10472
10469
10465
10463
10462
10459
10456
10451
10448
10447
10444
10442
10435
10433
10431
10426
10425
10423
10422
10420
10419
10410
10409
10404
10402
10399
10396
10394
10393
10390
10387
10382
10381
10380
10379
10378
10376
10370
10369
10365
10363
10360
10359
10357
10356
10355
10354
10352
10349
10348
10347
10345
10343
10341
10340
10337
10334
10333
10331
10330
10329
10328
10327
10324
10315
9455
10311
10311
10311
10297
10296
10293
10291
10290
10288
10287
10284
10281
10279
10274
10267
10265
10262
10261
10260
10258
10254
10251
10249
10247
10241
10240
10239
10237
10236
10235
10233
10230
10226
10223
10222
10221
10219
10218
10216
10214
10212
10211
10204
10200
10199
10196
10195
10190
10186
10183
10177
10176
10173
10171
10170
10167
10166
10162
10161
10160
10158
10157
10151
10149
10148
10143
10142
10138
10134
10133
10131
10130
10126
10125
10124
10122
10120
10116
10115
10111
10108
10106
10105
10104
10101
10100
10097
10093
10092
10090
10087
10085
10080
10079
10078
10076
10070
10058
10055
10053
10052
10050
10047
10046
10043
10039
10036
10033
10032
10028
10026
10025
10024
10022
10013
10009
10007
10006
10002
10002
9999
9993
9991
9990
9988
9987
9986
9985
9983
9981
9977
9975
9974
9965
9963
9962
9959
9955
9953
9951
9950
9947
9940
9939
9938
9933
9928
9926
9924
9922
9919
9917
9913
9910
9909
9905
9904
9899
9895
9893
9888
9886
9883
9881
9879
9877
9873
9870
9868
9866
9865
9864
9861
9858
9857
9852
9851
9848
9846
9843
9842
9841
9840
9836
9835
9834
9833
9831
9830
9829
9824
9823
9822
9821
9816
9815
9814
9813
9810
9808
9807
9805
9801
9796
9795
9794
9792
9785
9781
9780
9779
9776
9773
9770
9768
9765
9764
9763
9757
9755
9749
9747
9746
9745
9743
9742
9741
9738
9737
9733
9730
9729
9725
9724
9721
9718
9711
9709
9708
9707
9706
9705
9702
9701
9700
9697
9692
9690
9686
9682
9681
9676
9674
9671
9670
9665
9664
9662
9658
9656
9654
9653
9652
9650
9645
9642
9640
9636
9634
9631
9630
9628
9627
9626
9620
9618
9613
9611
9609
9607
9603
9601
9598
9594
9592
9589
9588
9586
9585
9583
9582
9581
9578
9577
9575
9574
9565
9564
9563
9560
9557
9554
9551
9549
9548
9547
9545
9543
9538
9537
9535
9534
9532
9530
9528
9521
9516
9513
9512
9509
9508
9507
9506
9505
9504
9498
9494
9491
9488
9484
9481
9478
9469
9467
9466
9465
9459
9458
9456
9454
9445
9444
9443
9440
9436
9435
9434
9431
9427
9425
9424
9420
9419
9417
9414
9413
9412
9402
9400
9398
9394
9392
9389
9388
9387
9383
9378
9377
9376
9375
9374
9367
9365
9363
9361
9359
9357
9356
9351
9347
9345
9344
9343
9342
9341
9339
9335
9334
9329
9327
9326
9317
9314
9312
9309
9308
9304
9301
9298
9293
9291
9289
9285
9284
9281
9279
9276
9274
9272
9270
9269
9267
9265
9264
9257
9256
9255
9253
9250
9249
9247
9246
9243
9242
9240
9239
9234
9232
9230
9229
9227
9225
9219
9213
9209
9207
9205
9204
9200
9199
9198
9197
9196
9194
9193
9189
9188
9184
9183
9182
9179
9178
9175
9173
9169
9168
9166
9164
9163
9155
9154
9146
9142
9138
9137
9133
9132
9128
9127
9124
9123
9121
9118
9112
9109
9108
9105
9103
9092
9089
9088
9084
9083
9082
9078
9077
9073
9058
9065
9063
9056
9055
9053
9049
9047
9045
9039
9038
9037
9034
9033
9032
9030
9022
9021
9020
9005
9004
9002
9000
8999
8994
8993
8985
8983
8979
8978
8976
8975
8974
8973
8964
8962
8959
8956
8954
8953
8951
8948
8947
8945
8941
8939
8938
8934
8933
8930
8923
8922
8915
8914
8912
8911
8903
8902
8900
8895
8894
8892
8882
8874
8870
8869
8863
8860
8856
8851
8850
8847
8845
8844
8843
8842
8835
8831
8830
8829
8827
8826
8823
8819
8816
8815
8812
8811
8806
8804
8800
8796
8788
8787
8783
8782
8781
8777
8774
8768
8766
8765
8762
8758
8757
8756
8753
8751
8750
8749
8740
8737
8736
8734
8733
8731
8729
8726
8725
8719
8716
8714
8712
8710
8707
8706
8705
8703
8701
8699
8698
8697
8691
8690
8689
8687
8684
8682
8678
8675
8674
8673
8672
8671
8670
8669
8666
8665
8663
8658
8657
8651
8650
8648
8645
8643
8639
8638
8634
8632
8621
8619
8617
8615
8611
8609
8608
8607
8606
8603
8602
8597
8591
8590
8585
8583
8579
8572
8561
8557
8556
8552
8551
8549
8547
8546
8544
8543
8542
8539
8537
8535
8534
8532
8530
8529
8523
8522
8521
8518
8515
8513
8512
8509
8506
8504
8502
8501
8497
8496
8495
8492
8491
8490
8488
8483
8482
8478
8473
8470
8468
8464
8463
8461
8458
8456
8455
8443
8442
8439
8437
8436
8435
8434
8433
8428
8425
8421
8418
8417
8414
8413
8412
8411
8408
8406
8404
8402
8396
8395
8394
8392
8391
8388
8387
8384
8383
8381
8377
8373
8372
8368
8365
8363
8362
8358
8355
8351
8350
8346
8345
8343
8341
8333
8332
8327
8326
8324
8315
8314
8312
8308
8304
8302
8301
8299
8298
8297
8293
8286
8279
8270
8268
8267
8263
8261
8259
8255
8250
8249
8248
8241
8240
8236
8234
8230
8227
8225
8222
8211
8210
8207
8199
8197
8189
8187
8183
8181
8180
8174
8171
8170
8168
8166
8165
8162
8160
8151
8146
8144
8143
8142
8133
8126
8125
8121
8120
8119
8118
8117
8116
8115
8113
8108
8103
8102
8100
8099
8096
8095
8092
8091
8089
8087
8086
8083
8081
8079
8076
8073
8072
8071
8069
8068
8065
8063
8058
8054
8053
8050
8049
8043
8042
8041
8039
8036
8032
8023
8019
8018
8010
8009
8007
8001
7997
7993
7992
7990
7986
7985
7980
7978
7975
7973
7972
7971
7966
7965
7964
7961
7957
7956
7955
7949
7948
7945
7939
7937
7935
7931
7927
7924
7923
7918
7916
7914
7912
7906
7905
7904
7902
7895
7893
7892
7890
7889
7887
7884
7879
7872
7866
7865
7864
7859
7857
7853
7845
7842
7838
7836
7832
7831
7827
7826
7824
7823
7822
7820
7818
7817
7816
7814
7812
7805
7804
7799
7790
7785
7784
7781
7778
7775
7774
7771
7770
7764
7762
7761
7758
7756
7755
7753
7749
7747
7746
7745
7743
7742
7741
7740
7737
7735
7734
7733
7731
7729
7722
7720
7719
7718
7715
7709
7707
7704
7702
7699
7697
7690
7686
7685
7684
7680
7678
7677
7676
7675
7674
7671
7670
7669
7666
7665
7664
7659
7649
7648
7647
7645
7634
7632
7629
7628
7627
7625
7618
7616
7614
7613
7610
7606
7604
7602
7601
7599
7595
7594
7592
7587
7586
7585
7583
7580
7578
7577
7576
7567
7564
7563
7560
7559
7557
7552
7551
7549
7547
7542
7541
7540
7533
7532
7531
7529
7526
7523
7517
7514
7511
7510
7508
7505
7499
7497
7496
7491
7490
7486
7482
7481
7473
7470
7460
7459
7456
7454
7452
7450
7446
7445
7443
7439
7436
7435
7432
7430
7425
7423
7420
7419
7416
7411
7409
7407
7403
7398
7394
7391
7388
7384
7382
7375
7373
7360
7359
7358
7356
7355
7352
7351
7346
7345
7344
7341
7335
7331
7328
7327
7326
7325
7322
7315
7312
7306
7305
7303
7296
7293
7290
7287
7282
7281
7277
7276
7275
7274
7273
7269
7267
7263
7261
7259
7255
7247
7246
7240
7236
7234
7227
7226
7224
7223
7212
7210
7206
7203
7202
7197
7196
7195
7192
7186
7182
7181
7180
7176
7175
7172
7169
7166
7165
7163
7157
7156
7154
7152
7150
7149
7147
7146
7145
7141
7139
7137
7136
7135
7132
7130
7128
7121
7120
7118
7116
7110
7107
7104
7101
7099
7096
7094
7092
7089
7088
7087
7083
7079
7077
7075
7073
7070
7069
7068
7067
7063
7058
7057
7054
7048
7040
7037
7034
7033
7030
7028
7026
7022
7016
7012
7007
7006
7000
6998
6997
6996
6995
6993
6991
6989
6988
6986
6984
6982
6980
6977
6975
6974
6973
6970
6966
6964
6961
6958
6957
6949
6947
6946
6945
6938
6937
6933
6930
6927
6919
6918
6916
6914
6912
6910
6909
6907
6906
6905
6904
6903
6899
6897
6895
6893
6891
6890
6889
6888
6886
6885
6883
6881
6878
6875
6871
6870
6868
6865
6863
6861
6860
6857
6851
6850
6847
6845
6843
6840
6839
6837
6832
6829
6827
6826
6822
6821
6820
6819
6813
6810
6809
6801
6799
6795
6793
6792
6789
6786
6780
6778
6777
6776
6774
6773
6772
6771
6765
6763
6758
6757
6755
6754
6751
6749
6742
6739
6738
6731
6729
6724
6722
6721
6720
6712
6710
6709
6707
6703
6698
6697
6696
6695
6694
6688
6684
6682
6679
6676
6673
6672
6669
6668
6667
6665
6663
6662
6658
6656
6655
6654
6652
6650
6648
6647
6646
6640
6639
6638
6637
6626
6625
6624
6623
6621
6618
6617
6615
6614
6608
6605
6604
6602
6600
6595
6591
6590
6585
6584
6580
6577
6575
6573
6572
6570
6565
6564
6558
6555
6551
6549
6547
6545
6542
6537
6531
6529
6525
6523
6522
6520
6519
6516
6513
6512
6507
6505
6504
6500
6499
6498
6496
6494
6488
6487
6483
6482
6480
6479
6471
6470
6469
6466
6465
6463
6459
6457
6456
6453
6451
6449
6445
6442
6441
6440
6439
6437
6434
6433
6430
6429
6428
6417
6415
6411
6409
6406
6402
6400
6397
6392
6391
6384
6382
6380
6373
6372
6368
6367
6360
6355
6354
6353
6348
6346
6341
6338
6335
6327
6324
6322
6321
6316
6315
6313
6311
6307
6306
6304
6303
6301
6300
6294
6293
6289
6288
6287
6284
6278
6277
6274
6271
6266
6264
6262
6260
6257
6256
6255
6253
6252
6251
6249
6246
6243
6241
6238
6236
6229
6227
6224
6223
6216
6210
6204
6202
6200
6199
6198
6197
6194
6193
6189
6187
6185
6184
6183
6180
6176
6174
6172
6171
6169
6168
6167
6127
6164
6162
6161
6160
6159
6154
6153
6151
6150
6149
6148
6145
6144
6137
6134
6132
6130
6127
6124
6121
6118
6117
6116
6114
6113
6108
6107
6104
6103
6102
6101
6099
6095
6093
6088
6084
6083
6082
6080
6079
6074
6073
6072
6071
6069
6061
6058
6037
6036
6032
6031
6029
6026
6022
6019
6014
6009
6006
6002
6001
5999
5997
5993
5990
5987
5983
5978
5977
5975
5973
5971
5968
5967
5963
5962
5958
5957
5955
5953
5952
5946
5945
5942
5940
5939
5938
5936
5927
5925
5924
5919
5916
5914
5911
5901
5894
5892
5891
5890
5888
5885
5884
5883
5875
5873
5866
5865
5863
5862
5861
5860
5858
5854
5851
5849
5845
5844
5842
5840
5839
5836
5833
5832
5828
5827
5826
5823
5820
5819
5818
5816
5814
5810
5809
5808
5803
5798
5792
5790
5784
5774
5769
5764
5759
5756
5754
5749
5746
5743
5741
5735
5732
5731
5727
5726
5725
5715
5712
5711
5708
5706
5699
5694
5686
5684
5683
5681
5678
5675
5674
5671
5669
4670
4663
4659
4655
4652
4647
4645
4644
4636
4630
4629
4623
4620
4619
4616
4615
4611
4610
4608
4606
4602
4600
4593
4592
4590
4587
4581
4579
4576
4572
4570
4568
4566
4564
4563
4561
4559
4558
4556
4554
4552
4547
4546
4543
4540
4539
4534
4533
4531
4529
4527
4522
4517
4516
4515
4514
4513
4510
4507
4503
4501
4500
4498
4497
4492
4489
4488
4483
4482
4481
4480
4473
4472
4468
4467
4466
4461
4459
4457
4454
4453
4451
4448
4446
4440
4437
4434
4428
4426
4423
4419
4418
4414
4411
4406
4404
4403
4401
4399
4397
4395
4394
4391
4389
4387
4385
4383
4381
4374
4372
4371
4367
4363
4360
4353
4351
4349
4348
4347
4346
4342
4333
4330
4326
4325
4324
4323
4320
4317
4315
4313
4305
4302
4299
4295
4293
4290
4287
4283
4282
4278
4277
4275
4274
4273
4272
4270
4268
4265
4264
4262
4255
4253
4252
4251
4250
4248
4245
4244
4241
4237
4233
4230
4229
4228
4222
4220
4219
4212
4211
4209
4206
4205
4202
4199
4197
4196
4194
4193
4191
4190
4189
4186
4183
4180
4179
4176
4173
4171
4169
4163
4157
4155
4154
4151
4150
4145
4143
4138
4134
4133
4124
4122
4120
4119
4113
4112
4109
4108
4102
4097
4096
4095
4091
4090
4089
4086
4085
4081
4080
4077
4074
4073
4072
4066
4061
4060
4058
4053
4052
4049
4046
4041
4038
4031
4029
4028
4027
4026
4024
4023
4021
4019
4018
4013
4011
4005
4002
4001
3997
3996
3995
3994
3993
3992
3988
3985
3983
3982
3978
3977
3976
3975
3972
3968
3958
3957
3954
3952
3950
3948
3945
3944
3943
3942
3941
3938
3937
3936
3931
3930
3929
3927
3922
3921
3916
3915
3914
3904
3900
3899
3894
3893
3892
3885
3883
3882
3879
3877
3867
3866
3865
3863
3860
3854
3852
3851
3848
3847
3845
3844
3839
3837
3834
3831
3828
3827
3826
3824
3823
3822
3818
3815
3814
3813
3807
3804
3803
3802
3799
3795
3794
3793
3792
3784
3781
3780
3779
3775
3773
3770
3766
3765
3763
3758
3752
3749
3748
3745
3742
3740
3737
3734
3731
3727
3726
3724
3720
3719
3718
3716
3715
3711
3710
3707
3705
3704
3703
3701
3700
3694
3691
3690
3689
3688
3687
3686
3683
3681
3679
3676
3674
3669
3668
3667
3662
3661
3656
3655
3649
3645
3640
3639
3637
3636
3631
3630
3627
3623
3622
3613
3611
3609
3607
3606
3604
3601
3600
3595
3593
3592
3589
3584
3583
3577
3576
3575
3574
3572
3571
3564
3561
3559
3557
3555
3547
3542
3540
3539
3538
3537
3536
3535
3529
3525
3524
3523
3518
3516
3512
3511
3510
3507
3505
3495
3494
3491
3490
3487
3482
3481
3475
3474
3470
3467
3465
3462
3461
3460
3457
3455
3454
3452
3451
3449
3448
3443
3442
3441
3439
3436
3429
3422
3421
3418
3417
3416
3413
3411
3410
3407
3402
3400
3399
3397
3393
3389
3387
3386
3384
3380
3374
3373
3371
3366
3364
3363
3362
3360
3356
3353
3351
3349
3346
3342
3338
3336
3332
3331
3313
3312
3310
3308
3307
3305
3302
3301
3300
3297
3292
3290
3289
3285
3282
3279
3277
3271
3270
3266
3264
3261
3259
3256
3254
3251
3245
3244
3242
3241
3238
3234
3229
3228
3227
3223
3222
3220
3217
3215
3212
3210
3208
3207
3204
3187
3186
3185
3184
3183
3181
3180
3175
3170
3169
3165
3164
3163
3159
3157
3154
3151
3149
3148
3143
3140
3138
3137
3136
3135
3126
3124
3115
3114
3112
3106
3100
3098
3095
3094
3092
3091
3083
3081
3076
3068
3067
3065
3054
3052
3047
3046
3043
3041
3040
3039
3034
3033
3031
3029
3026
3024
3019
3012
3011
3010
3006
3002
3000
2997
2996
2995
2993
2992
2988
2987
2981
2980
2973
2967
2966
2964
2962
2959
2957
2953
2952
2950
2943
2942
2941
2937
2934
2932
2924
2919
2918
2917
2916
2915
2910
2904
2898
2896
2893
2892
2891
2886
2882
2881
2879
2877
2876
2874
2873
2867
2860
2859
2856
2855
2854
2853
2851
2850
2843
2836
2828
2827
2826
2823
2816
2815
2812
2809
2806
2804
2803
2801
2798
2794
2783
2782
2780
2776
2775
2773
2767
2764
2762
2759
2753
2752
2751
2747
2746
2745
2742
2740
2739
2735
2733
2730
2724
2720
2719
2718
2717
2715
2708
2706
2705
2703
2701
2699
2694
2693
2690
2683
2682
2680
2673
2669
2668
2667
2664
2663
2661
2660
2657
2654
2652
2650
2648
2646
2644
2641
2636
2633
2632
2630
2627
2624
2622
2621
2619
2617
2616
2614
2612
2609
2602
2601
2600
2598
2592
2589
2584
2573
2570
2567
2566
2556
2555
2553
2552
2551
2550
2549
2539
2535
2531
2529
2527
2526
2524
2522
2519
2515
2509
2508
2505
2502
2501
2498
2496
2483
2479
2478
2476
2473
2468
2466
2464
2463
2462
2458
2457
2454
2453
2450
2441
2438
2428
2427
2421
2418
2417
2415
2411
2409
2407
2404
2403
2402
2401
2397
2391
2390
2385
2382
2381
2380
2376
2373
2370
2366
2360
2359
2356
2354
2353
2349
2346
2337
2334
2333
2328
2327
2326
2325
2324
2323
2322
2317
2316
2314
2313
2312
2311
2310
2309
2307
2305
2304
2299
2298
2294
2292
2288
2279
2278
2277
2276
2275
2273
2272
2268
2265
2264
2263
2259
2258
2256
2253
2251
2248
2246
2238
2234
2230
2228
2227
2224
2219
2217
2214
2209
2208
2207
2206
2205
2203
2199
2196
2191
2190
2189
2184
2179
2176
2171
2169
2167
2166
2164
2161
2159
2156
2155
2153
2149
2147
2144
2140
2139
2138
2137
2128
2127
2124
2123
2121
2117
2116
2114
2112
2108
2106
2105
2104
2100
2099
2094
2093
2091
2090
2086
2085
2084
2080
2078
2076
2072
2069
2068
2065
2063
2059
2058
2056
2054
2049
2045
2044
2040
2039
2038
2036
2035
2031
2026
2024
2023
2019
2018
2014
2013
2012
2005
2004
1999
1998
1994
1993
1991
1990
1988
1985
1984
1983
1971
1966
1965
1959
1953
1952
1949
1940
1937
1936
1929
1928
1922
1921
1919
1918
1915
1914
1911
1909
1908
1907
1904
1897
1895
1891
1890
1889
1887
1884
1882
1881
1880
1873
1871
1870
1868
1865
1862
1861
1857
1855
1853
1851
1850
1847
1845
1841
1840
1839
1837
1833
1832
1828
1825
1824
1819
1817
1814
1812
1807
1806
1793
1791
1788
1787
1786
1784
1782
1781
1780
1779
1778
1774
1771
1770
1769
1768
1767
1765
1764
1763
1761
1760
1758
1757
1756
1755
1754
1744
1743
1742
1741
1740
1739
1737
1735
1732
1731
1725
1724
1717
1715
1709
1708
1707
1706
1703
1702
1701
1699
1698
1697
1692
1687
1686
1684
1673
1671
1667
1664
1661
1660
1659
1658
1654
1653
1652
1651
1650
1649
1646
1642
1641
1639
1638
1637
1635
1634
1632
1630
1627
1626
1621
1618
1617
1616
1614
1613
1612
1611
1610
1609
1607
1605
1604
1601
1599
1591
1590
1587
1586
1585
1583
1582
1577
1573
1570
1562
1559
1556
1555
1552
1548
1547
1541
1538
1537
1532
1531
1530
1527
1524
1517
1516
1515
1513
1511
1510
1505
1496
1482
1480
1479
1478
1477
1474
1473
1472
1470
1468
1467
1466
1465
1463
1460
1453
1452
1449
1446
1445
1444
1443
1441
1437
1433
1429
1427
1424
1423
1422
1416
1415
1413
1412
1410
1408
1405
1403
1402
1401
1398
1391
1382
1381
1374
1368
1367
1356
1355
1352
1351
1349
1348
1347
1346
1345
1343
1342
1341
1331
1320
1319
1316
1312
1306
1302
1301
1300
1294
1293
1291
1286
1285
1283
1279
1272
1267
1265
1263
1262
1261
1259
1256
1255
1254
1246
1243
1242
1241
1240
1239
1233
1232
1231
1226
1225
1223
1222
1217
1216
1213
1212
1206
1205
1201
1195
1188
1187
1186
1182
1179
1177
1175
1174
1172
1167
1162
1161
1159
1157
1156
1152
1134
1132
1129
1128
1123
1122
1121
1118
1117
1116
1115
1114
1113
1109
1106
1099
1098
1095
1093
1091
1085
1084
1082
1081
1079
1078
1076
1072
1068
1062
1059
1058
1053
1047
1044
1038
1034
1033
1031
1030
1026
1024
1022
1020
1019
1018
1017
1013
1012
1011
1006
1005
1004
1000
999
996
994
990
989
986
983
982
980
976
974
968
967
966
964
961
955
953
952
949
946
945
939
900
899
895
886
885
876
874
873
872
871
870
869
868
867
863
861
851
850
849
846
843
842
837
836
835
830
824
823
809
805
804
803
802
801
800
799
798
797
796
795
794
791
790
784
780
775
774
765
764
763
761
756
745
743
741
737
736
735
730
729
727
725
722
720
719
716
714
710
709
708
706
700
698
697
695
693
683
678
677
676
675
671
647
645
644
642
635
632
631
630
624
607
603
598
596
594
593
587
586
581
579
573
570
569
567
566
563
562
561
560
557
555
550
549
545
542
541
540
539
525
524
523
521
517
512
511
509
506
504
496
489
473
471
467
465
464
460
459
458
444
443
441
440
426
423
421
419
418
416
414
413
410
408
406
404
401
400
399
398
396
394
392
390
389
387
384
379
378
376
375
373
372
367
366
365
363
358
352
351
350
349
348
345
342
341
333
332
330
326
324
323
322
320
319
318
317
315
314
313
307
306
304
301
299
296
289
282
281
280
271
269
267
266
261
259
258
257
253
251
234
233
228
226
225
219
218
217
215
213
201
198
197
196
195
192
191
189
188
187
186
185
184
183
181
178
174
172
171
170
168
167
162
156
152
151
148
147
144
143
142
133
131
127
126
125
122
120
118
114
113
111
110
109
103
102
97
96
89
84
83
82
77
76
71
69
53
52
45
42
39
34
33
31
29
27
26
22
21
20
17
15
14
11
9
8
6
4
3
2
